********** INICIO DE EJECUCIÓN DEL SCRIPT **********

--- INICIO DEL PROCESO ETL ---

--- Ejecutando Paso: EXTRACCIÓN ---
Iniciando la extracción de datos desde: https://www.datos.gov.co/api/views/pare-7x5i/rows.csv?accessType=DOWNLOAD
Datos extraídos exitosamente.

--- Extracción COMPLETADA. Mostrando datos extraídos ---

Primeras 5 filas de los datos extraídos:
   RESOLUCION FECHA_RESOLUCION VIGENCIA_DESDE VIGENCIA_HASTA INTERES_BANCARIO_CORRIENTE           MODALIDAD
0        2259       22/12/2014     22/12/2014     30/09/2015                     31.96%  CONSUMO BAJO MONTO
1        1341       29/09/2015     01/10/2015     30/09/2016                     34.77%  CONSUMO BAJO MONTO
2        1233       29/09/2016     01/10/2016     30/09/2017                     35.47%  CONSUMO BAJO MONTO
3        1298       29/09/2017     01/10/2017     30/09/2018                     37.55%  CONSUMO BAJO MONTO
4        1294       28/09/2018     01/10/2018     30/09/2019                     34.25%  CONSUMO BAJO MONTO

Número de filas y columnas: (286, 6)

Información general del DataFrame (antes de transformar):
<class 'pandas.core.frame.DataFrame'>
RangeIndex: 286 entries, 0 to 285
Data columns (total 6 columns):
 #   Column                      Non-Null Count  Dtype 
---  ------                      --------------  ----- 
 0   RESOLUCION                  286 non-null    int64 
 1   FECHA_RESOLUCION            286 non-null    object
 2   VIGENCIA_DESDE              286 non-null    object
 3   VIGENCIA_HASTA              286 non-null    object
 4   INTERES_BANCARIO_CORRIENTE  286 non-null    object
 5   MODALIDAD                   286 non-null    object
dtypes: int64(1), object(5)
memory usage: 13.5+ KB

--- Ejecutando Paso: TRANSFORMACIÓN ---
Iniciando la transformación de datos...
Columnas renombradas.
Columna 'fecha_resolucion' convertida a datetime.
Columna 'vigencia_desde' convertida a datetime (valores inválidos a NaT).
Columna 'vigencia_hasta' convertida a datetime (valores inválidos a NaT).
Columna 'tasa_interes_ea' convertida a numérico (sin '%').

No se encontraron valores nulos después de la transformación.
Transformación de datos completada.

--- Transformación COMPLETADA. Mostrando datos transformados ---

Primeras 5 filas de los datos transformados:
   resolucion_id fecha_resolucion vigencia_desde vigencia_hasta  tasa_interes_ea tipo_credito_nombre
0           2259       2014-12-22     2014-12-22     2015-09-30            31.96  CONSUMO BAJO MONTO
1           1341       2015-09-29     2015-10-01     2016-09-30            34.77  CONSUMO BAJO MONTO
2           1233       2016-09-29     2016-10-01     2017-09-30            35.47  CONSUMO BAJO MONTO
3           1298       2017-09-29     2017-10-01     2018-09-30            37.55  CONSUMO BAJO MONTO
4           1294       2018-09-28     2018-10-01     2019-09-30            34.25  CONSUMO BAJO MONTO

Número de filas y columnas del DataFrame transformado: (286, 6)

Información general del DataFrame transformado:
<class 'pandas.core.frame.DataFrame'>
RangeIndex: 286 entries, 0 to 285
Data columns (total 6 columns):
 #   Column               Non-Null Count  Dtype         
---  ------               --------------  -----         
 0   resolucion_id        286 non-null    int64         
 1   fecha_resolucion     286 non-null    datetime64[ns]
 2   vigencia_desde       286 non-null    datetime64[ns]
 3   vigencia_hasta       286 non-null    datetime64[ns]
 4   tasa_interes_ea      286 non-null    float64       
 5   tipo_credito_nombre  286 non-null    object        
dtypes: datetime64[ns](3), float64(1), int64(1), object(1)
memory usage: 13.5+ KB

--- PROCESO ETL COMPLETADO EXITOSAMENTE ---

--- Ejecutando Paso: CARGA ---
Iniciando la carga de datos en la base de datos 'tibc_data.db', tabla 'tasas_interes_bancario'...
Conexión a la base de datos 'tibc_data.db' establecida.
Datos cargados exitosamente en la tabla 'tasas_interes_bancario'.
Conexión a la base de datos cerrada.

--- Carga COMPLETADA ---

--- FIN DEL PROCESO ETL ---
********** FIN DE EJECUCIÓN DEL SCRIPT **********
